000000000000000000000000000000000000000000000000000000000000000000000000000000000000000
001020202020040400000000400000000000000000000004000000000000000000000000000000000000000
000000000000000000000000002000000000200000002000040020000000200000002000000020000000200
001020202020000000000000000000000000000000000000000000000000000000000000000000000000000
000000000000000000000000004000000000000000000000000000000000000000000000000000000000030
004000000000000000400000000000000000000000000000000000000000000004000000000000000000000
000000000000000000000000000000000000000000000000000000000000000000000000000000000000000
000000000000000000000000000000000000000000000000000000000000000000000000000000000000000
004000000000000000000000000000000000000000000000000000000000000000000000000000000000000
000000000000000000000000000000000000000000000000000000000000000050550000000000005000500
000000000000000000000000000000000000000000000000010000000003000000000000000000000000000
000000000000000000000000000000000000000000000000040000000000100000000000000000005000500
000000000000000000000000000000002040000000000200000000000000000000000000000000000000000
000000000000000000020000000000002000004240000040000000000000000050500000000004022220000
000000000000000000000000000000000000000000000000000000000000000000000000000000000000000
020200000000000000000000000000000000000000000000000000000000000000000000000000400000000
000000040000000000000000000000000000000000000000000000000000000000000000000000000000000
004000000000000000000000000000000000000000000000004000000000000000000000400000004000000
002040000040000000200000002000000020000000200400002000000000000000000040000000000000000
000000000000000000000000000000000000000000000000000000000000000000000000000000000000000